362
998046901
995867325
969072829
956501192
944882399
938509555
936685202
927483544
927339317
923869601
917734345
911641718
893341503
882334585
879685440
876401888
863720003
839718683
839718683
839718683
839718683
839718683
839718683
839718683
839718683
839718683
839718683
826799570
821690302
815776752
792838554
788672234
755804983
750646587
746159632
714362063
713810338
711404887
705267216
699646121
694281581
632540426
602711544
573288019
558260684
557830851
522149866
508925692
498443664
492877628
485447478
454398714
450198364
406058403
385727634
377303576
369782042
361440022
361268397
347016691
340869729
327812936
326107666
308042138
307285880
301703492
254775486
246483704
244425305
226029029
184376544
182786644
149484710
147766535
118503845
105410521
92139107
40001642
37029926
22408476
17683537
-3813754
-36389789
-50026564
-69846432
-98113114
-106002358
-152649842
-156330839
-180621141
-197127131
-219648429
-225226058
-233004227
-253405776
-268319164
-276869839
-278364421
-288928127
-288928127
-288928127
-288928127
-288928127
-288928127
-288928127
-288928127
-288928127
-288928127
-288928127
-288928127
-288928127
-288928127
-288928127
-288928127
-288928127
-288928127
-288928127
-288928127
-288928127
-288928127
-288928127
-288928127
-288928127
-288928127
-310774474
-331750730
-335681503
-337661972
-338497418
-342580000
-346306612
-351610842
-374360860
-392674408
-407897967
-413034295
-414224274
-450817857
-473616494
-494964775
-523757275
-523757275
-523757275
-523757275
-523757275
-523757275
-523757275
-523757275
-523757275
-523757275
-523757275
-529427977
-534793772
-553717197
-554481755
-560475725
-560940193
-565308273
-611313321
-611564647
-656988466
-686665562
-709852320
-711989547
-736562297
-746903169
-763726232
-773331594
-796811820
-809762990
-815107682
-819510406
-860414375
-860633382
-912585256
-915928978
-934366135
-949640922
-950625530
-963174813
-993381729
998046901
995867325
969072829
956501192
944882399
938509555
936685202
927483544
927339317
923869601
917734345
911641718
893341503
882334585
879685440
876401888
863720003
839718683
839718683
839718683
839718683
839718683
839718683
839718683
839718683
839718683
839718683
826799570
821690302
815776752
792838554
788672234
755804983
750646587
746159632
714362063
713810338
711404887
705267216
699646121
694281581
632540426
602711544
573288019
558260684
557830851
522149866
508925692
498443664
492877628
485447478
454398714
450198364
406058403
385727634
377303576
369782042
361440022
361268397
347016691
340869729
327812936
326107666
308042138
307285880
301703492
254775486
246483704
244425305
226029029
184376544
182786644
149484710
147766535
118503845
105410521
92139107
40001642
37029926
22408476
17683537
-3813754
-36389789
-50026564
-69846432
-98113114
-106002358
-152649842
-156330839
-180621141
-197127131
-219648429
-225226058
-233004227
-253405776
-268319164
-276869839
-278364421
-288928127
-288928127
-288928127
-288928127
-288928127
-288928127
-288928127
-288928127
-288928127
-288928127
-288928127
-288928127
-288928127
-288928127
-288928127
-288928127
-288928127
-288928127
-288928127
-288928127
-288928127
-288928127
-288928127
-288928127
-288928127
-288928127
-310774474
-331750730
-335681503
-337661972
-338497418
-342580000
-346306612
-351610842
-374360860
-392674408
-407897967
-413034295
-414224274
-450817857
-473616494
-494964775
-523757275
-523757275
-523757275
-523757275
-523757275
-523757275
-523757275
-523757275
-523757275
-523757275
-523757275
-529427977
-534793772
-553717197
-554481755
-560475725
-560940193
-565308273
-611313321
-611564647
-656988466
-686665562
-709852320
-711989547
-736562297
-746903169
-763726232
-773331594
-796811820
-809762990
-815107682
-819510406
-860414375
-860633382
-912585256
-915928978
-934366135
-949640922
-950625530
-963174813
-993381729
